-0.9	0	1
-1.1	0	0
-0.72	0.16	1
-1.17	0.16	0
-0.5	0.3	1
-1.4	-0.12	0
-0.3	0.2	1
-1.6	-0.27	0
-0.1	0	1
-1.65	-0.49	0
0.1	0.7	1
2.12	-0.5	0
0.3	1	1
2.23	-0.16	0
0.5	1.4	1
-0.38	-0.53	0
0.7	1.1	1
0.56	1.77	0
0.9	0.5	1
-1	-0.5	0
1.1	0.8	1
1.5	-0.7	0
1.3	0.4	1
1.5	0.3	1
1.7	0.1	1
0.28	1.61	1
-1.3	0.58	0
-0.6	0.6	1
-1.2	0.4	0
-1.54	0.4	0
-1	0.3	0
-0.23	-0.42	1
-1.5	0	0
-0.8	0.1	1
-1.26	-0.5	0
-0.59	0.62	1
-0.75	-0.47	0
-1.3       -0.3       1
-1         0.5        0
-0.17	0.88	1
-0.7	-0.76	0
-0.14	0.64	1
-0.06	-0.6	0
0.03	1.15	1
0.16	-0.8	0
0.34	1.32	1
0.2	-1.38	0
0.6	0.87	1
0.74	-0.9	0
0.5	0.63	1
1	-0.65	0
0.93	0.66	1
1.3	-0.37	0
0.49	0.63	1
1.8	-0.49	0
0.76	0.21	1
2.1	-1	0
0.1	0.26	1
2.5	-0.5	0
1	0.07	1
2.4	0	0
0.97	-0.22	1
1.85	0.2	0
1.48	-0.34	1
2.1	0.36	0
1.51	-0.1	1
2.5	0.5	0
1.48	-0.34	1
2.3	0.8	0
2.04	-0.27	1
2	0.8	0
-1.3	-0.3	0
1.6	0.8	0
-0.96	-0.3	1
1.3	0.8	0
-0.5	-0.2	1
1.1	1	0
-0.8	0.12	1
0.9	1	0
-0.23	-0.42	1
0.7	1.3	0
0.07	-0.54	1
0.07	1.5	0
0.46	-0.53	1
-0.25	1.2	0
0.26	-0.72	1
-0.55	0.78	0
0.72	-0.66	1
-0.91	0.76	0
-1.1	0.6	1
-0.31	1.75	0
-0.9	0.36	1
-1.1	1.1	0
-0.83	0.59	1
-1.33	-1.13	0
0.47       -0.86     1
0.6	-0.74	1
0.9	1.6	0
0.9	-0.52	1
-0.2	-0.8	0
1.4	0.64	1
-1.9	0.17	0
1.7	0.66	1
-0.36	0.98	0
2	0.6	1
0.33	-0.99	0
1.89	0.45	1
1.1	-0.46	0
1.7	0.3	1
0.5	-1.09	0
0.45	0.12	1
1.56	-0.48	0
0.47	-0.97	1
-0.5       0.6        1
-0.7       0.6        1
0.5	0.63	1
1	-0.65	0
0.93	0.66	1
1.3	-0.47	0
0.49	0.63	1
-0.91	0.76	0
-1.1	0.6	1
-0.31	1.75	0
-0.9	0.36	1
1.8	-0.49	0
0.76	0.21	1
2.1	-1	0
1.48       -0.34     1
1.84       0.19      0
2.04       -0.27     1
2.08       0.36      0
1.6         0.2       1
1.66       0.82      0
0.26       -0.7      1
0.9         1.16      0
0.47       -0.86     1
0.7         1.32      0
0.6         -0.7      1
2           0.75      0
0.47       -0.97     1
2.24       0.7        0
0.9         -0.52     1
2.5         0.5       0
2.04       0.6       1
1.85       0.19       0
1.74       0.3       1
2           0         0
2.18       -0.37     1
2.5         -0.5      0
1.93       -0.17     1
2.85       0.82      0
-0.94      0.36      1
2.35        0.7        0
-1.15      0.6        1
2.5         0.5        0
1.57       0.5        1
2.1         1          0
1.7         0.5        1
2.2         0.5        0
1.89        0.45      1
2.04        0.35      0
2.04        0.6        1
0.7          -0.86    0
2.24        0.7        1
0.86        -0.72     0
0.9         -0.5       1
0.75        -0.53     1
-1.11       0.39      0
-1.07       1          1
-0.97       0.27      0
-0.9         0.39       1
